1050007000
1050008110
1050008470
1050008570
1050009010
1050011180
1050011420
1050011660
1050011670
1050011970
1050012030
1050012690
1050012820
1050014230
1050014920
1050015030
1050015850
1050016760
1050016850
1050018110
1050018120
1050018130
1050018310
1050018860
1050019020
1050019190
1050020240
1050020580
1050021450
1050021500
1050023900
1050027430
1050029430
1050030220
1050030230
1050031300
1050031580
1050031860
1050032600
1050032610
1050034610
1050036870
1050038850
1050039250
1050040030
1050040260
1050041540
1050040350
1050040430
1050040500
1050040560
1050040630
1050040660
1050040690
1050040720
1050040770
1050040780
1050040850
1050040870
1050040920
1050041150
1050041200
1050041240
1050041410
1050041430
1050041450
1050041490
1050041520
1050041580
1050041620
1050041740
1050041770
1050041870
1050041880
1050041990
1050042020
1050042100
1050042150
1050042240
1050042260
1050042490
1050042700
1050042750
1050042920
1050042980
1050043030
1050043090
1050043290
1050043330
1050043420
1050043540
1050044270
1050044560
1050044610
1050044850
1050045390
1050047600
1050054840
1050065100
1050276700
1050335490
1050407790
1050407800
1050440690
1050440700
1050454120
1050562730
1050571730
1050577760
1050583100
1050583270
1050603880
1050603890
1050606570
1050606740
1050635010
1050644790
1050644920
1050646360
1050667360
1050667560
1050669470
1050671990
1050682900
1050683010
1050695700
1050696660
1050696830
1050722570
1050736280
1050737100
1050741300
1050742220
1050755820
1050755960
1050786860
1050792830
1050803510
1050827040
1050839280
1050845560
1050888070
1050893000
1050901710
1050967890
1050982060
1051004170
1051004180
1051038740
1050041290
1051051360
1051060130
1051093980
1051094100
1051108020
1051129350
1051131830
1051131990
1051132340
1051137860
1051145730
1051145820
1051147350
1051156960
1051159540
1051163840
1051174960
1051210720
1051213630
1051214380
1051228680
1051235290
1051244040
1051250830
1051251800
1051259940
1051259950
1051262460
1051265730
1051327980
1051344010
1051355140
1051363500
1051366570
1051366720
1051376870
1051376970
1051377550
1051387160
1051405290
1051408090
1051409000
1051412560
1051418880
1051419860
1051419980
1051428730
1051429650
1051431680
1051431940
1051431950
1051438780
1051443680
1051443690
1051453390
1051457550
1051472390
1051473880
1051473950
1051474590
1051478700
1051478770
1051479540
1051479650
1051487890
1051494710
1051494890
1051515680
1051518160
1051518250
1051548220
1051548260
1051548450
1051548460
1051548750
1051548760
1051550000
1051551850
1051552590
1051569100
1051569210
1051576090
1051576130
1051576990
1051577000
1051604130
1051608790
1051609210
1051609270
1051620200
1051623250
2050005690
2050006120
2050539930
2050013010
2050013100
2050014550
2050016230
2050016510
2050016520
2050017150
2050017700
2050018240
2050018850
2050019160
2050020320
2050020330
2050020340
2050020590
2050020600
2050020620
2050020630
2050020730
2050020740
2050021030
2050021040
2050022150
2050022160
2050024180
2050026070
2050026920
2050027530
2050028310
2050028140
2050028220
2050029570
2050030100
2050030110
2050030170
2050039590
2050030480
2050031740
2050031750
2050031960
2050033490
2050036710
2050040810
2050041840
2050044800
2050056710
2050056940
2050058320
2050059260
2050059310
2050068250
2050068690
2050081250
2050135680
2050135690
2050156850
2050214900
2050223910
2050257210
2050257220
2050257320
2050260900
2050265840
2050265950
2050291620
2050292690
2050302310
2050309610
2050310820
2050320590
2050323030
2050332820
2050347650
2050355620
2050366020
2050366370
2050384360
2050390940
2050391230
2050396690
2050396780
2050414300
2050416390
2050420240
2050439100
2050441280
2050478420
2050488360
2050491750
2050491760
2050497340
2050497450
2050498990
2050499090
2050502710
2050502920
2050509090
2050509200
2050012730
3050000150
3050000240
3050001400
3050002690
3050002870
3050002880
3050005240
3050005440
3050006250
3050007880
3050008320
3050008670
3050009680
3050009780
3050010150
3050010320
3050010920
3050011410
3050011420
3050011690
3050012340
3050014650
3050014970
3050015490
3050015500
3050015640
3050016150
3050016160
3050016910
3050020950
3050020970
3050024180
3050037630
3050040740
3050049490
3050062640
3050078880
3050102000
3050127150
3050134500
3050136040
3050136270
3050143180
3050150810
3050150910
3050151880
3050172010
3050193810
3050202590
3050202600
3050211820
3050213560
3050221280
3050228750
3050238760
3050239120
3050239130
3050243450
3050246570
3050246580
3050273590
3050276270
3050276280
3050283640
3050284260
3050288130
3050288370
3050298820
3050309060
3050309510
3050330490
3050391360
3050410800
3050414790
3050415020
3050423840
3050436940
3050441450
3050441670
3050455600
3050462940
3050464790
3050481930
3050483880
3050494540
3050516780
3050526410
3050530830
3050530840
3050532900
3050545290
3050565990
3050566420
3050591290
3050671720
4050000380
4050001250
4050002470
4050002480
4050002770
4050005720
4050006520
4050006530
4050007090
4050007380
4050007410
4050007670
4050007940
4050007950
4050008060
4050009280
4050009880
4050009890
4050010160
4050010370
4050010380
4050011550
4050012280
4050012770
4050012990
4050013000
4050024190
4050025460
4050026610
4050026620
4050026660
4050026670
4050026820
4050026830
4050027010
4050027020
4050027100
4050027110
4050027780
4050027790
4050027940
4050027950
4050028040
4050028050
4050028200
4050028210
4050028550
4050028560
4050028670
4050028680
4050028760
4050028770
4050029530
4050029810
4050029820
4050031520
4050031530
4050031610
4050031620
4050031730
4050031740
4050031750
4050031820
4050031830
4050032410
4050032420
4050032880
4050032890
4050033430
4050033440
4050047500
4050048470
4050050210
4050050270
4050050280
4050050320
4050050340
4050050400
4050050440
4050050450
4050050470
4050050480
4050050520
4050050550
4050050560
4050050580
4050050590
4050050600
4050050610
4050050740
4050050940
4050050980
4050051010
4050051020
4050051100
4050051120
4050051160
4050051270
4050051460
4050051530
4050051670
4050051890
4050052120
4050052650
4050053490
4050062830
4050092730
4050098940
4050110370
4050110480
4050111700
4050111760
4050124280
4050136250
4050136400
4050136410
4050146590
4050148980
4050150470
4050151730
4050154410
4050165380
4050169400
4050186730
4050195690
4050195810
4050225210
4050236610
4050240510
4050244900
4050247970
4050247980
4050251620
4050251820
4050255200
4050313680
4050325660
4050326920
4050327070
4050327110
4050333000
4050348020
4050348030
4050416000
4050416010
4050416190
4050420980
4050421200
4050427020
4050431060
4050431380
4050438130
4050439980
4050440700
4050441830
4050448990
4050449660
4050462690
4050469430
4050469570
4050469680
4050475000
4050475930
4050476110
4050483080
4050483160
4050486110
4050486980
4050492120
4050505600
4050505750
4050508830
4050508980
4050509080
4050510850
4050515470
4050515600
4050520710
4050523580
4050523690
4050548260
4050548370
4050567380
4050567390
4050578640
4050585650
4050585760
4050603550
4050607260
4050607420
4050625230
4050625490
4050627620
4050629690
4050631960
4050646320
4050648310
4050648320
4050667920
4050668010
4050680810
4050689020
4050689150
4050694190
4050704560
4050705050
4050705180
4050709980
4050709990
4050718400
4050729700
4050729890
4050730280
4050744670
4050748310
4050769230
4050769470
4050773130
4050773260
4050774560
4050779690
4050783330
4050783910
4050783960
4050783970
4050784150
4050784170
4050784370
4050785020
4050785260
4050786190
4050786650
4050791810
4050791820
4050795660
4050801390
4050802250
4050802440
4050802680
4050805930
4050817390
4050838850
4050839030
4050865800
4050865930
4050876680
4050876840
4050884290
4050884570
4050886200
4050886350
4050900670
4050900680
4050901850
4050901960
4050902890
4050903190
4050911450
4050911460
4050911800
4050911950
4050919920
4050919930
4050925590
4050933190
4050952440
4050952550
4050956220
4050956230
4050960280
4050960480
4050960530
4050975160
4050978600
4051013550
4051013620
4051013640
4051013760
4051017890
4051017990
4051019890
4051031590
4051031720
4051043590
4051063670
4051063690
4051063700
4051063810
4051065170
4051065250
4051081260
4051081310
4051083880
4051083890
4051092490
4051092530
4051096370
4051096410
4051101500
4051101510
5050056740
5050057970
5050058420
5050059020
5050060860
5050060870
5050061150
5050062580
5050062590
5050065600
5050065640
5050065790
5050069590
5050069600
5050071130
5050071270
5050073140
5050074320
5050074640
5050074650
5050074720
5050075590
5050076320
5050076330
5050076520
5050076880
5050076890
5050079500
5050087630
5050087640
5050087680
5050087800
5050087870
5050087900
5050087950
5050088000
5050088120
5050088150
5050088210
5050088230
5050088240
5050088330
5050088450
5050088840
5050088870
5050090060
5050090510
5050092240
5050097170
5050250410
5050257150
5050300480
5050305550
5050315930
5050373650
5050378580
5050413450
5050429160
5050434260
5050456070
5050462270
5050473110
5050491370
5050525070
5050528230
5050533380
5050543690
5050546000
5050595260
5050595630
6050000740
6050000750
6050004480
6050005180
6050005190
6050005490
6050005500
6050007240
6050010670
6050012290
6050012380
6050012590
6050013420
6050015940
6050017530
6050017540
6050018290
6050019090
6050019100
6050020010
6050020960
6050021160
6050023980
6050025130
6050025140
6050026760
6050027780
6050028120
6050029040
6050029050
6050029580
6050032110
6050033560
6050034810
6050040460
6050040470
6050040510
6050040540
6050040550
6050040590
6050040710
6050040750
6050040790
6050040890
6050040900
6050040910
6050075390
6050075410
6050079250
6050079390
6050083060
6050084130
6050113660
6050126730
6050129600
6050130490
6050134450
6050134460
6050136450
6050154590
6050154700
6050207660
6050224360
6050224470
6050247260
6050262220
6050266340
6050266880
6050315910
6050325820
6050337190
6050337320
6050389870
6050411440
6050425550
6050441330
6050443080
6050451380
6050457840
6050491730
6050527670
6050546240
6050551090
6050562010
6050639920
6050652910
6050674210
6050708820
6050710030
6050719760
6050719850
6050728580
6050738860
6050738870
6050757070
6050757160
6050757590
6050759380
6050760600
6050790160
6050793610
6050808660
6050837910
6050852210
6050852400
6050852410
6050869680
6050887050
6050892920
6050960610
7050000010
7050002400
7050002410
7050002700
7050004220
7050004660
7050005410
7050005420
7050006910
7050007210
7050007220
7050008340
7050008350
7050008450
7050008460
7050008720
7050012270
7050012600
7050012950
7050016260
7050016270
7050016850
7050016860
7050017140
7050018020
7050018030
7050021550
7050021690
7050021750
7050022280
7050024290
7050024300
7050025860
7050028080
7050028420
7050028670
7050028680
7050029000
7050029010
7050030610
7050030880
7050032950
7050033110
7050033480
7050034000
7050035360
7050035370
7050035470
7050035480
7050035860
7050039060
7050039170
7050041060
7050042240
7050043500
7050045890
7050048310
7050050000
7050050650
7050050930
7050054070
7050055520
7050055710
7050059430
7050059690
7050059960
7050059990
7050063050
7050063060
7050064730
7050069670
7050070790
7050073700
7050073710
7050073760
7050073790
7050073810
7050073830
7050073880
7050074030
7050074080
7050074110
7050074380
7050074660
7050075110
7050112130
7050121880
7050129240
7050132870
7050137520
7050142610
7050144640
7050145540
7050146310
7050146370
7050159950
7050163780
7050184580
7050191640
7050191700
7050192420
7050192440
7050192750
7050192890
7050194860
7050194980
7050203140
7050206690
7050208540
7050217780
7050217900
7050234040
7050234050
7050237270
7050237380
7050250980
7050250990
7050251370
7050256540
7050256690
7050274850
7050274860
7050282720
7050282770
7050284470
7050298200
7050305410
7050329370
7050332680
7050334780
7050334790
7050335300
7050337970
7050343590
7050343690
7050354140
7050374800
7050379430
7050415850
7050419360
7050444390
7050450430
7050453930
7050466690
7050511950
7050512060
7050526960
7050562040
7050566090
7050569580
7050609610
7050610760
7050629520
7050629700
7050647770
7050668250
7050675400
7050683900
7050689550
7050694250
7050696350
7050701650
7050702590
7050707810
7050712470
7050715800
7050718740
7050730500
7050736840
7050737080
7050739170
7050739180
7050741760
7050741770
7050744170
7050752460
7050761700
7050763030
7050820630
7050820700
7050822270
7050822930
7050823010
7050824100
7050829810
7050831470
7050831510
7050849640
7050854410
7050854440
7050855570
7050863310
7050864080
8050009560
8050010200
8050010700
8050011270
8050011810
8050014740
8050014820
8050018120
8050018140
8050018730
8050018740
8050022890
8050024240
8050025660
8050026860
8050028930
8050033310
8050034170
8050042230
8050043890
8050047690
8050049610
8050049710
8050056990
8050057510
8050122100
8050129330
8050148430
8050148510
8050155560
8050155650
8050159820
8050170460
8050177260
8050201110
8050219130
8050221500
8050221510
8050227070
8050231190
8050231240
8050231700
8050246160
8050261040
8050262310
8050262400
8050264670
8050266430
8050269310
8050298770
8050307380
8050315230
8050327990
8050331980
8050333190
8050333260
8050338740
8050338780
9050004600
9050010430
9050010560
9050010670
9050010680
9050011230
9050011530
9050011740
9050014800
9050014810
9050015210
9050041830
9050100020
9050103730
